2
4096 1024 128 38 CHK_5073.488281_-1351.662842_-311.078705/-996.504639_4546.441406_-637.058289
29537 29536 29536 29537 29537 29536 29544 29536 29536 29536 29537 29536 29537 29536 29537 29536 29537 29539 29537 29537 29543 29538 29538 29537 29537 29537 29537 29537 29537 29538 29538 29537 29537 29538 29538 29537 29537 29536
109252860 109251158 109251787 109251343 109251454 109251158 109250455 109250862 109250233 109250381 109250640 109251528 109252860 109250196 109252638 109252749 109251343 109251417 109251084 109252675 109252564 109250862 109251861 109250307 109250011 109249937 109250603 109266957 109250085 109250344 109250714 109251972 109250307 109253637 109249937 109250677 109249826 109249604
4096 2048 128 24 CHK_-1837.556274_4941.410156_-311.078705/-4143.029297_1090.911621_-1274.003296
59072 59074 59072 59072 59073 59071 59078 59069 59072 59076 59080 59071 59071 59072 59074 59070 59072 59074 59074 59072 59072 59072 59073 59077
218509975 218512602 218508717 218510345 218507348 218509531 218509383 218510567 218512454 218512824 218511159 218525737 218511529 218511640 218513194 218518263 218515414 218513416 218514119 218509753 218516524 218518189 218517671 218507496
4096 4096 128 17 CHK_5314.495117_95.750481_-311.078705/-1720.212280_4666.954102_-2549.437744
118142 118142 118142 118142 118143 118143 118142 118145 118143 118146 118149 118147 118142 118146 118161 118142 118155
437045591 437045147 437059947 437045443 437043408 437044074 437082813 437043519 437046035 437059244 437059910 437056469 437054915 437058652 437061353 437053694 437057986
4096 8192 128 13 CHK_-4275.082031_3304.231934_-311.078705/-3324.450439_-127.841766_-5111.996582
236297 236291 236292 236287 236299 236291 236286 236290 236292 236293 236280 236283 236294
874033129 874045413 874015702 874031094 874033351 874026543 874034350 874034017 874014481 874047892 874065911 874003714 874007895
4096 16384 128 11 CHK_2374.197266_5053.189941_-311.078705/-4198.901855_3196.800537_-10145.080078
472573 472575 472570 472576 472572 472571 472588 472577 472593 472562 472562
1748049053 1748020933 1748034327 1748048091 1748026113 1748022746 1748044724 1748020267 1748022302 1748060079 1747979197
4096 32768 128 10 CHK_-10.144341_-5961.245605_-311.078705/1308.315918_2004.606689_-20445.093750
945125 945127 945127 945125 945142 945135 945170 945160 945136 945124
3495920876 3495923836 3495926648 3495938932 3495940856 3495967015 3496030581 3496025697 3496041681 3496071725
4096 65536 128 10 CHK_5209.172363_-4364.877930_-311.078705/510.158173_4614.287598_379786.406250
1890257 1890295 1890266 1890262 1890272 1890258 1890251 1890245 1890271 1890338
6991749622 6991747661 6991766975 6991810487 6991821106 6991859734 6991765273 6991756023 6991829505 6991989752
