2
4096 1024 128 15 CHK_5077.052734_-1314.654053_-496.512695/-1017.645203_4559.961914_-866.494934
134995 135015 135011 135012 135005 135003 134995 135007 134999 135003 135002 135022 135016 135013 135015
498509584 498478060 498524680 498571633 498595535 498513284 498502258 498523866 498519981 498492934 498504515 498495191 498490603 498500852 498587987
4096 2048 128 12 CHK_-1919.405884_4902.891602_-514.697754/-4139.741699_1059.142944_-1766.429199
269948 269981 269968 269977 269959 269966 269965 269967 269970 269954 269964 269985
997662820 997651646 997654791 997647280 997695306 997665743 997664929 997649796 997662857 997650388 997596590 997892035
4096 4096 128 11 CHK_5251.378906_478.206573_-623.981445/-1930.335693_4696.217773_-3987.749512
539550 539592 539551 539562 539560 539555 539558 539569 539551 539583 539765
1994800536 1997498872 1994746368 1994799574 1994793062 1994788511 1994957860 1994733233 1994746590 1994845232 1994799907
4096 8192 128 10 CHK_-4229.529785_1332.957275_-533.959717/-2345.414062_19.706457_-8659.729492
1079032 1079021 1079028 1079077 1078976 1078978 1078944 1078958 1078952 1078955
3991226149 3991130319 3991766793 3991039077 3990826549 3990817965 3990781261 3995511896 3990759468 3990870801
4096 16384 128 10 CHK_2031.509155_10990.864258_591.014771/-6611.783203_5167.937988_-11754.009766
2157641 2157591 2157574 2157602 2157713 2157702 2157564 2157549 2157638 2157725
7980777086 7980646513 7980800729 7980511463 7980873804 7981050035 7980703308 7980508725 7980541877 7980765653
4096 32768 128 10 CHK_2507.323975_1900.204224_4832.934082/-13517.235352_41137.613281_94322.359375
4318543 4318592 4318631 4318873 4318412 4318720 4318370 4318721 4318524 4318542
15960522501 15959488314 15960547254 15961352633 15960184173 15960051676 15959667579 15959340388 15960627988 15959434516
4096 65536 128 10 CHK_-3162.985107_3821.103760_51148.683594/-65017.703125_109615.718750_1729475.875000
8642985 8643352 8642443 8643235 8642632 8642425 8642937 8642114 8641936 8642279
31931319199 31931171680 31931253191 31931711436 31932997630 31930829726 31931013690 31931060976 31930888334 31930888038
