2
4096 1024 128 15 CHK_5077.051758_-1314.645020_-496.512695/-1017.645325_4559.961914_-866.494934
122659 122621 122616 122614 122601 122636 122625 122611 122634 122613 122621 122608 122626 122621 122617
451513701 451655670 451719014 451745136 451690228 451655226 451717090 451656040 451731964 451659148 451770962 451568609 451671210 451783690 451683050
4096 2048 128 12 CHK_-1919.403564_4902.895508_-514.697266/-4139.746582_1059.146729_-1766.429199
245272 245280 245241 245238 245235 245227 245256 245267 245208 245233 245222 245232
903292692 903265053 903329100 903549879 903350116 903332319 903197898 903301942 903245073 903378310 903393702 903258800
4096 4096 128 11 CHK_5251.377930_478.202972_-623.981750/-1930.337891_4696.216797_-3987.749512
490761 490751 490673 490719 490758 490723 490728 490780 490728 490772 490726
1806547607 1806296081 1806448262 1806284019 1806385584 1806120072 1806435756 1806403714 1806387027 1806482265 1806467650
4096 8192 128 10 CHK_-4229.542480_1332.976929_-533.959167/-2345.415771_19.710022_-8659.727539
981361 981380 981607 981387 981416 981355 981333 981405 981471 981376
3613199517 3613225861 3612900409 3612902481 3612794219 3613033757 3613133065 3612899817 3613026505 3612951358
4096 16384 128 10 CHK_2031.514771_10990.887695_591.014282/-6611.815918_5167.957031_-11754.000000
1963354 1963664 1963452 1963664 1963775 1963506 1963463 1963476 1963491 1963402
7227244743 7227316671 7228483429 7227920770 7228323182 7228251476 7227467187 7227839185 7227345864 7227990145
4096 32768 128 10 CHK_2507.347656_1900.135620_4832.923828/-13517.116211_41137.300781_94322.406250
3927331 3927699 3927265 3927508 3927533 3928306 3927454 3927601 3927492 3927342
14461712700 14461897441 14461242060 14460885898 14461377850 14460622495 14460857408 14461023760 14461420881 14460487075
4096 65536 128 10 CHK_-4550.904297_2619.875000_51451.789062/-67183.960938_114583.562500_1729418.875000
7856350 7856107 7855620 7855435 7855254 7856979 7855386 7855321 7855436 7855537
28931987237 28932008401 28932235396 28933714101 28932537612 28933098606 28931994082 28931269844 28931711143 28933742517
