2
4096 1024 128 38 CHK_5073.488281_-1351.662842_-311.078705/-996.504639_4546.441406_-637.058289
29547 29550 29545 29544 29545 29545 29544 29545 29550 29546 29558 29547 29545 29553 29546 29550 29546 29547 29551 29546 29550 29545 29549 29546 29552 29558 29546 29558 29545 29544 29545 29545 29550 29544 29550 29544 29544 29544
109266291 109257263 109253970 109257115 109273173 109260593 109274357 109263516 109258188 109256893 109254414 109274912 109257374 109254747 109258817 109258410 109254266 109254710 109272692 109257633 109255302 109258373 109258632 109274246 109266957 109275282 109258521 109257781 109256116 109255302 109282201 109260815 109265551 109257966 109257818 109255191 109258447 109278427
4096 2048 128 24 CHK_-1837.556274_4941.410156_-311.078705/-4143.029297_1090.911621_-1274.003296
59081 59079 59077 59076 59084 59089 59090 59077 59079 59079 59086 59082 59077 59076 59079 59075 59078 59076 59079 59081 59077 59081 59125 59077
218501946 218499726 218517856 218517782 218517153 218501391 218505128 218504499 218562552 218515747 218506423 218501576 218500503 218502094 218499615 218499467 218503500 218500059 218499948 218499208 218499393 218500540 218501798 218499985
4096 4096 128 17 CHK_5314.495117_95.750481_-311.078705/-1720.212280_4666.954102_-2549.437744
118142 118148 118137 118151 118138 118137 118137 118153 118142 118141 118142 118141 118152 118143 118147 118139 118138
436993606 436997750 436999637 437001080 436997195 436995789 437007444 437000192 436997269 437009109 437006112 436997898 437009553 437033048 437017471 436992089 436994309
4096 8192 128 13 CHK_-4275.082031_3304.231934_-311.078705/-3324.450439_-127.841766_-5111.996582
236260 236248 236246 236292 236284 236267 236249 236257 236255 236263 236257 236268 236256
873987656 873983253 873976075 874013112 873984918 873991171 873975483 873976704 873977814 873995981 874016035 873990616 874019476
4096 16384 128 11 CHK_2374.197266_5053.189941_-311.078705/-4198.901855_3196.800537_-10145.080078
472471 472491 472479 472505 472484 472484 472489 472478 472502 472487 472504
1747988188 1747958884 1747971908 1747960068 1747968504 1747954407 1747970909 1747958625 1747981454 1748013311 1747997142
4096 32768 128 10 CHK_-10.144341_-5961.245605_-311.078705/1308.315918_2004.606689_-20445.093750
944980 944959 944958 944934 944951 944930 944950 944918 944909 944898
3495975747 3496008751 3495989474 3495926204 3495985330 3496000130 3496001425 3495933789 3495929941 3496044382
4096 65536 128 10 CHK_5209.172363_-4364.877930_-311.078705/510.158173_4614.287598_379786.406250
1889807 1890502 1889834 1889865 1889868 1889865 1889843 1889854 1890152 1889842
6991789027 6991781960 6992060459 6991845785 6991855479 6992058128 6991824954 6991830689 6992501943 6991971548
