2
4096 1024 128 15 CHK_5077.052734_-1314.654053_-496.512695/-1017.645203_4559.961914_-866.494934
118325 118333 118317 118326 118321 118321 118313 118328 118326 118325 118312 118331 118320 118313 118311
438075930 438717029 437801168 437877943 437879682 437857852 437893520 437953016 437829917 437908505 437934664 437944358 437898145 437936070 437865659
4096 2048 128 12 CHK_-1919.405884_4902.891602_-514.697754/-4139.741699_1059.142944_-1766.429199
236569 236573 236571 236559 236552 236556 236551 236550 236590 236592 236590 236552
875521602 875377228 875391029 875402388 875479607 875407790 875395839 875382815 875411527 875503731 875573587 875506543
4096 4096 128 11 CHK_5251.378906_478.206573_-623.981445/-1930.335693_4696.217773_-3987.749512
473166 473182 473169 473231 473211 473098 473099 473178 473133 473169 473140
1750625104 1750749609 1750547589 1750850693 1750895648 1750756269 1750553398 1751229573 1751290327 1750498786 1750684230
4096 8192 128 10 CHK_-4229.529785_1332.957275_-533.959717/-2345.414062_19.706457_-8659.729492
946306 946472 946397 946354 946438 946586 946289 946271 946331 946338
3501108979 3500837917 3500769430 3500727509 3501322876 3501329573 3501051814 3500703274 3500749672 3500973892
4096 16384 128 10 CHK_2031.509155_10990.864258_591.014771/-6611.783203_5167.937988_-11754.009766
1893897 1893966 1893909 1893842 1893800 1893810 1893985 1893990 1894256 1893731
7001957848 7002444065 7001406326 7001378465 7001458718 7001194945 7001728855 7001115432 7001622406 7001753238
4096 32768 128 10 CHK_2507.323975_1900.204224_4832.934082/-13517.235352_41137.613281_94322.359375
3789062 3788936 3788933 3789046 3788898 3790751 3788952 3789074 3788976 3789031
14006814498 14008163481 14007591424 14008377711 14007617028 14008652769 14006863005 14007762919 14006883281 14006984180
4096 65536 128 10 CHK_-3162.985107_3821.103760_51148.683594/-65017.703125_109615.718750_1729475.875000
7581029 7581160 7580976 7580237 7580223 7583282 7580451 7580611 7580432 7580696
28024968793 28026552504 28026567119 28023591542 28024445169 28023120051 28024671905 28023200489 28023316188 28024542812
