2
4096 1024 128 38 CHK_5073.488281_-1351.662842_-311.078705/-996.504639_4546.441406_-637.058289
29543 29543 29540 29545 29541 29540 29542 29541 29546 29541 29546 29542 29540 29542 29542 29548 29541 29541 29542 29540 29542 29547 29545 29540 29546 29549 29540 29545 29540 29544 29541 29540 29544 29541 29549 29541 29541 29543
109269843 109268548 109263109 109265366 109266809 109263109 109272396 109271138 109259113 109272507 109262295 109276392 109265699 109281498 109268955 109264885 109256190 109263405 109279685 109263590 109276873 109262887 109266550 109263072 109270731 109273950 109269658 109266513 109265884 109260778 109267031 109266772 109274949 109270472 109266809 109264256 109269547 109274468
4096 2048 128 24 CHK_-1837.556274_4941.410156_-311.078705/-4143.029297_1090.911621_-1274.003296
59081 59087 59076 59083 59078 59075 59091 59081 59083 59075 59088 59076 59081 59081 59077 59077 59076 59074 59083 59081 59077 59078 59076 59077
218513638 218513083 218506645 218539353 218521260 218527291 218520816 218512824 218510012 218531657 218534691 218536023 218513046 218516524 218513157 218532767 218523036 218527809 218516043 218510900 218523591 218531805 218526255 218534802
4096 4096 128 17 CHK_5314.495117_95.750481_-311.078705/-1720.212280_4666.954102_-2549.437744
118178 118154 118144 118147 118148 118147 118148 118152 118145 118146 118157 118150 118155 118147 118152 118156 118144
437032308 437014104 437024945 437028312 437016694 437027535 437031235 437017693 437031383 437026980 437023650 437060021 437052917 437068494 437053879 437051141 437046849
4096 8192 128 13 CHK_-4275.082031_3304.231934_-311.078705/-3324.450439_-127.841766_-5111.996582
236301 236287 236304 236303 236299 236283 236301 236306 236290 236267 236274 236270 236272
874103836 874080008 874081229 874115639 874087001 874097398 874117082 874060250 874109016 874064727 874009042 874018033 874022103
4096 16384 128 11 CHK_2374.197266_5053.189941_-311.078705/-4198.901855_3196.800537_-10145.080078
472559 472507 472489 472501 472498 472500 472500 472506 472524 472499 472502
1748090900 1748051754 1748024855 1748018787 1748023671 1748022524 1748011461 1748008279 1748011276 1748009130 1748018565
4096 32768 128 10 CHK_-10.144341_-5961.245605_-311.078705/1308.315918_2004.606689_-20445.093750
944965 944978 944963 944986 944982 944977 944956 944953 944953 944950
3496012377 3496012266 3496022404 3496025660 3496130222 3496058849 3496126411 3496021923 3496024032 3496021960
4096 65536 128 10 CHK_5209.172363_-4364.877930_-311.078705/510.158173_4614.287598_379786.406250
1889929 1889999 1890588 1889964 1889949 1890119 1890361 1889925 1889943 1889977
6992022793 6992186888 6992225553 6992044105 6992079958 6992534244 6992240501 6992078922 6992103268 6992443631
