2
512 1024 128 55 CHK_2321.810303_2979.066406_854.367798/-1139.574341_3016.553223_885.637878
14803 14785 14784 14786 14783 14784 14785 14786 14783 14784 14784 14811 14800 14785 14785 14784 14787 14785 14784 14784 14784 14785 14784 14784 14793 14800 14783 14785 14785 14783 14784 14785 14784 14783 14784 14785 14785 14783 14785 14800 14783 14785 14785 14784 14783 14785 14789 14785 14788 14785 14790 14783 14789 14800 14785

1024 1024 128 32 CHK_3422.373779_5556.803711_-273.876740/-2529.133301_4965.096191_-260.032562
29592 29569 29569 29568 29607 29577 29570 29568 29568 29570 29568 29593 29573 29585 29567 29570 29569 29569 29584 29572 29570 29569 29593 29575 29585 29581 29571 29578 29571 29577 29580 29586

2048 1024 128 21 CHK_1976.026367_5575.913574_2159.790039/-3185.461426_3919.312012_2251.195068
59168 59150 59148 59147 59169 59164 59171 59160 59154 59150 59155 59477 59388 59161 59150 59143 59148 59151 59145 59166 59157

4096 1024 128 15 CHK_-1144.162354_5114.139648_-438.780609/-4235.852539_1440.700317_-370.300049
118343 118315 118305 118334 118311 118317 118305 118314 118318 118310 118314 118308 118308 118322 118314

8192 1024 128 12 CHK_2726.855713_10031.866211_3599.163086/-6099.800781_6447.946289_3843.449463
236625 236649 236618 236635 236632 236628 236618 236623 236626 236609 236631 236731

16384 1024 128 11 CHK_-138.200043_10948.676758_6019.376953/-8039.148926_4766.947266_6478.193848
473263 473253 473293 473227 473243 473222 473236 473239 473255 473135 473265

32768 1024 128 10 CHK_3895.414795_11775.122070_19994.703125/-6845.575195_8073.186523_21105.181641
946364 946268 946256 946242 946257 946425 946297 946269 946278 946295

65536 1024 128 10 CHK_5466.340820_25539.394531_-2901.616455/-16176.808594_15346.401367_-1714.481812
1892893 1892682 1892660 1892712 1892568 1892611 1892582 1892617 1892666 1892678

