2
512 1024 128 55 CHK_2321.811768_2979.065918_854.367798/-1139.574341_3016.552979_885.637878
15365 15348 15345 15340 15340 15332 15338 15330 15329 15342 15345 15322 15324 15338 15322 15337 15341 15331 15341 15332 15332 15329 15340 15318 15331 15339 15325 15339 15323 15331 15356 15327 15344 15342 15325 15323 15338 15323 15321 15330 15322 15344 15329 15332 15337 15323 15331 15328 15344 15341 15331 15342 15331 15333 15336

1024 1024 128 32 CHK_3422.374023_5556.803223_-273.876740/-2529.132812_4965.096191_-260.032562
30672 30662 30649 30658 30659 30660 30688 30654 30672 30661 30660 30651 30678 30665 30663 30665 30660 30665 30670 30664 30649 30663 30657 30669 30685 30665 30663 30665 30655 30659 30687 30654

2048 1024 128 21 CHK_1976.026611_5575.911621_2159.790039/-3185.462646_3919.311523_2251.195068
61346 61331 61339 61353 61333 61345 61341 61325 61313 61342 61317 61329 61314 61325 61321 61312 61335 61340 61310 61325 61323

4096 1024 128 15 CHK_-1144.161011_5114.137207_-438.780609/-4235.854492_1440.699829_-370.300049
122695 122682 122658 122660 122654 122673 122633 122647 122691 122648 122659 122643 122682 122653 122656

8192 1024 128 12 CHK_2726.857422_10031.862305_3599.163086/-6099.804688_6447.945312_3843.449463
245430 245373 245281 245312 245299 245275 245278 245279 245279 245299 245314 245326

16384 1024 128 11 CHK_-138.204681_10948.676758_6019.376953/-8039.152832_4766.946289_6478.193848
490648 490586 490620 490689 490594 490679 490612 490620 490629 490576 490608

32768 1024 128 10 CHK_3895.407471_11775.106445_19994.703125/-6845.574219_8073.192383_21105.181641
981196 981375 981077 981257 981219 981167 981236 981265 981098 981189

65536 1024 128 10 CHK_5466.333984_25539.382812_-2901.616455/-16176.804688_15346.409180_-1714.481812
1962518 1962439 1962461 1962387 1962371 1962283 1962362 1962382 1962485 1962426

