2
512 1024 128 238 CHK_2329.980225_2972.730225_871.333069/-1134.924683_3016.582031_892.235107
3699 3694 3694 3692 3691 3693 3692 3691 3691 3692 3692 3692 3692 3692 3691 3692 3692 3691 3692 3690 3690 3691 3691 3691 3697 3692 3691 3691 3691 3691 3691 3691 3696 3692 3691 3691 3692 3692 3692 3690 3692 3692 3691 3691 3691 3691 3691 3691 3692 3692 3692 3691 3691 3692 3692 3691 3691 3692 3690 3691 3691 3697 3692 3691 3692 3692 3692 3691 3692 3692 3692 3692 3691 3691 3691 3692 3691 3690 3690 3696 3692 3692 3691 3691 3691 3694 3692 3691 3692 3691 3692 3692 3692 3692 3691 3692 3690 3690 3691 3691 3691 3691 3691 3691 3691 3692 3692 3691 3692 3692 3692 3694 3692 3692 3692 3692 3690 3691 3691 3692 3691 3692 3691 3692 3691 3691 3691 3692 3692 3691 3691 3695 3691 3691 3696 3690 3691 3697 3691 3691 3691 3691 3691 3692 3691 3691 3692 3691 3691 3691 3691 3691 3691 3691 3690 3690 3691 3691 3691 3692 3691 3691 3691 3691 3691 3691 3691 3691 3691 3691 3691 3691 3691 3690 3690 3692 3691 3691 3691 3691 3691 3691 3691 3691 3691 3691 3691 3693 3691 3696 3692 3691 3691 3690 3691 3691 3700 3692 3691 3692 3691 3692 3692 3691 3692 3692 3692 3691 3691 3691 3691 3691 3690 3690 3691 3698 3692 3694 3692 3692 3692 3691 3692 3692 3691 3692 3691 3691 3691 3692 3692 3690 3690 3691 3691 3691 3691 3692

1024 1024 128 124 CHK_3438.932617_5546.629883_-241.614471/-2520.229980_4966.041016_-247.451294
7390 7383 7385 7386 7385 7383 7382 7381 7383 7383 7383 7383 7383 7383 7383 7383 7382 7385 7383 7383 7383 7383 7383 7383 7383 7386 7382 7383 7383 7383 7388 7384 7383 7382 7383 7382 7384 7383 7383 7384 7383 7383 7385 7383 7381 7382 7383 7383 7383 7383 7383 7383 7390 7383 7381 7383 7383 7385 7386 7383 7383 7383 7383 7382 7382 7383 7383 7383 7383 7383 7383 7385 7383 7382 7383 7383 7383 7383 7386 7384 7391 7383 7383 7382 7383 7388 7383 7383 7383 7383 7383 7383 7382 7382 7383 7383 7383 7383 7383 7383 7383 7383 7382 7383 7383 7383 7383 7383 7386 7383 7383 7382 7383 7385 7383 7383 7383 7383 7384 7383 7383 7382 7383 7383

2048 1024 128 67 CHK_1992.402710_5570.055664_2223.255371/-3178.463379_3921.642578_2276.586914
14766 14766 14766 14768 14766 14775 14765 14768 14771 14767 14766 14766 14765 14765 14768 14766 14766 14765 14769 14766 14766 14773 14765 14766 14766 14767 14770 14765 14766 14766 14766 14768 14764 14766 14766 14772 14765 14765 14766 14766 14766 14767 14766 14773 14767 14767 14765 14766 14766 14773 14766 14765 14767 14766 14766 14765 14765 14766 14768 14766 14765 14766 14766 14770 14772 14765 14766

4096 1024 128 38 CHK_-1127.247559_5117.023926_-311.078705/-4230.858887_1446.071899_-318.566040
29533 29531 29533 29531 29538 29533 29532 29539 29531 29535 29533 29536 29533 29531 29539 29534 29532 29532 29537 29532 29532 29538 29539 29531 29533 29535 29544 29531 29532 29531 29532 29532 29537 29532 29535 29531 29533 29533

8192 1024 128 24 CHK_2756.290771_10025.137695_3855.506592/-6088.429199_6453.278320_3947.996582
59071 59066 59064 59064 59074 59065 59070 59067 59076 59065 59069 59067 59066 59070 59069 59067 59067 59128 59068 59062 59062 59077 59065 59065

16384 1024 128 17 CHK_-106.077049_10947.734375_6531.735352/-8029.877930_4775.012207_6688.314941
118151 118129 118143 118135 118140 118138 118134 118134 118146 118135 118138 118133 118137 118153 118135 118174 118131

32768 1024 128 13 CHK_3926.391357_11762.456055_21025.253906/-6836.690918_8076.513672_21529.755859
236262 236261 236269 236268 236270 236264 236265 236276 236266 236270 236258 236266 236311

65536 1024 128 11 CHK_5554.711426_25514.988281_-847.812256/-16142.975586_15359.366211_-868.165100
472546 472542 472534 472540 472535 472543 472530 472536 472521 472543 472542

