1
15000 144049 3191600
15100 144001 3225528
15200 144031 3551510
15300 144059 3861526
15400 144138 4207587
15500 144052 4754606
15600 144098 5281399
15700 144098 5816316
15800 144077 6520765
15900 144042 7362899
16000 144068 8201859
16100 144014 9050373
16200 143990 10502001
16300 144007 11790874
16400 143948 13350727
16500 144036 15116658
16600 144031 17255120
16700 143972 19682336
16800 143998 22538530
16900 144008 26265924
17000 143967 30437206
17100 143983 35595420
17200 143987 41876453
17300 144013 49728688
17400 143994 59838344
17500 144022 71917878
17600 143947 82974280
17700 143984 91844098
17800 143983 99581374
17900 144001 106102624
18000 144013 112520730
18100 143942 117471450
18200 143946 121684151
18300 143954 125246887
18400 143958 128229597
18500 143966 130737539
18600 143928 132701978
18700 143967 134248139
18800 143932 135277236
18900 143985 136053350
19000 143990 136654132
19100 144010 137129342
19200 144045 137543389
19300 143989 137863256
19400 144008 138137669
19500 143988 138369456
19600 143950 138574715
19700 143970 138724056
19800 144050 138874816
19900 144009 138999083
20000 144035 139079006
20100 143990 139157405
20200 144000 139213002
20300 143986 139216219
20400 144010 139212801
20500 143963 139166456
20600 143985 139081109
20700 144006 138931568
20800 143947 138721572
20900 143931 138352293
21000 143964 137861421
21100 143979 137261239
21200 144041 136472932
21300 143930 135466859
21400 143964 134151435
21500 143990 132550727
21600 143967 130190822
21700 143969 126740171
21800 144004 123653472
21900 143939 119255164
22000 143942 113591346
22100 144016 109083575
22200 144028 105924191
22300 143955 103660814
22400 144037 102033582
22500 144047 100864068
22600 143961 100018197
22700 143966 99174823
22800 143990 98749597
22900 143991 98456750
23000 143995 98311736
23100 143999 98394228
23200 144062 109184616
23300 144052 101888417
23400 144046 99107292
23500 144068 102700562
23600 144045 101202574
23700 144010 101500348
23800 143977 101780059
23900 144003 101856323
24000 143947 106062164
24100 143948 104904244
24200 143936 104365046
24300 143970 103982845
24400 143961 103702987
24500 143935 103501108
24600 144004 103381847
24700 143968 103279640
24800 143914 103258813
24900 143969 103243684
25000 143926 103236039
25100 143985 103259558
25200 144009 103325960
25300 143943 103398330
25400 143955 103489280
25500 143927 103593634
25600 143968 103723221
25700 143938 103908172
25800 143954 104105268
25900 143918 104337772
26000 143947 104660303
26100 143929 105032708
26200 143963 105556016
26300 144014 106303706
26400 143982 107601513
26500 143980 111802617
26600 143918 106716754
26700 144024 105653555
26800 144013 106021158
26900 143960 106257019
27000 144054 106818952
27100 143942 107382130
27200 143950 107989023
27300 143962 119458099
27400 143900 114276993
27500 143967 113186868
27600 143961 112555719
27700 144047 112173395
27800 143967 111863520
27900 144019 111587530
28000 143949 111333988
28100 143980 111091711
28200 143940 110861115
28300 143996 110641594
28400 143956 110435218
28500 144036 110245390
28600 143933 110082956
28700 143950 109940740
28800 143975 109815507
28900 143973 109692627
29000 143908 109585021
29100 143923 109480534
29200 143914 109405422
29300 143948 109332911
29400 143951 109270863
29500 143947 109213176
29600 143927 109161034
29700 143973 109118563
29800 143968 109079837
29900 143948 109046903
30000 143976 109025931
30100 143978 109017612
30200 143975 109026343
30300 143926 109047511
30400 143967 109079942
30500 145048 109120591
30600 143932 109162937
30700 144052 109214540
30800 144005 109272476
30900 144011 109335051
31000 143977 109406997
31100 144004 109480180
31200 143942 109580842
31300 143965 109688813
31400 143965 109813036
31500 143930 109940167
31600 143940 110085052
31700 143968 110237264
31800 143937 110427490
31900 143952 110634414
32000 143956 110854315
32100 143947 111087145
32200 143938 111330150
32300 143935 111586560
32400 143934 111861420
32500 143948 112175686
32600 143961 112558996
32700 143968 113188633
32800 143931 114280543
32900 143917 120238621
33000 144001 107991793
33100 143940 107385582
33200 144128 106823061
33300 143947 106260969
33400 144039 106023987
33500 144054 105657896
33600 143943 106725640
33700 143933 111808027
33800 143947 107606576
33900 143969 106308897
34000 143941 105560344
34100 143957 105039324
34200 144054 104666299
34300 143967 104345275
34400 143966 104112230
34500 143967 103913645
34600 143997 103728184
34700 143957 103601491
34800 143985 103496777
34900 143945 103405374
35000 143958 103333253
35100 144024 103268923
35200 143932 103246234
35300 143949 103253764
35400 143953 103270494
35500 143923 103291414
35600 143920 103394136
35700 143962 103513007
35800 143951 103714163
35900 143943 103994135
36000 143940 104375604
36100 144018 104913431
36200 143971 106070302
36300 143951 101867327
36400 143976 101792906
36500 143965 101511921
36600 143952 101213043
36700 143973 102711143
36800 143981 99099911
36900 143977 101887918
37000 144025 109199488
37100 144032 98408367
37200 143989 98325727
37300 143956 98469263
37400 143968 98757276
37500 144001 99177057
37600 143961 99774144
37700 144025 100874389
37800 143992 102045942
37900 143992 103672354
38000 143997 105936598
38100 143954 109094354
38200 143948 113602140
38300 143985 119268062
38400 143986 123668323
38500 143931 126756292
38600 143972 130207557
38700 143972 132568771
38800 143973 134167346
38900 144042 135483164
39000 143972 136490081
39100 144010 137278341
39200 143949 137878649
39300 144006 138369161
39400 143990 138677614
39500 143945 138948223
39600 143967 139096219
39700 143981 139180891
39800 143969 139228200
39900 144004 139231796
40000 143951 139229449
40100 143945 139170854
40200 143945 139092346
40300 143976 139014123
40400 143956 138890942
40500 143986 138740334
40600 143922 138589345
40700 144000 138385476
40800 143960 138155993
40900 143931 137883818
41000 143949 137569731
41100 143934 137157880
41200 143947 136685981
41300 143936 136089061
41400 143994 135326109
41500 143923 134304701
41600 143967 132838785
41700 143962 130836039
41800 143966 128353539
41900 143972 125390825
42000 143932 121848418
42100 143994 117657269
42200 143960 112734101
42300 143959 106452089
42400 144020 99716923
42500 144600 92144536
42600 144011 83322395
42700 144085 72339422
42800 144041 60207442
42900 144031 50015782
43000 144084 42112247
43100 144061 35800698
43200 144042 30648372
43300 144015 26416017
43400 144005 22891943
43500 144077 19797960
43600 144008 17356860
43700 144039 15208231
43800 144058 13432147
43900 144100 11863575
44000 144074 10568519
44100 144102 9279106
44200 144128 8248183
44300 144125 7377769
44400 144151 6515912
44500 144111 5879856
44600 144184 5299833
44700 144149 4727088
44800 144163 4293777
44900 144089 3907602
