1
15000 154320 3191600
15100 155154 3225528
15200 153797 3551511
15300 154926 3861527
15400 153801 4207587
15500 154993 4754606
15600 153909 5281399
15700 155052 5816316
15800 153918 6520765
15900 155022 7362898
16000 153862 8201859
16100 155012 9050373
16200 153877 10502001
16300 155010 11790874
16400 153872 13350727
16500 154992 15116657
16600 153870 17255120
16700 155012 19682336
16800 153909 22538530
16900 155043 26265924
17000 153880 30437206
17100 155008 35595420
17200 153882 41876453
17300 155010 49728687
17400 153870 59838344
17500 154966 71917877
17600 153858 82974279
17700 154965 91844098
17800 153828 99581374
17900 154966 106102624
18000 153836 112520730
18100 154976 117471450
18200 153831 121684152
18300 154965 125246889
18400 153836 128229598
18500 154958 130737540
18600 153822 132701978
18700 154952 134248139
18800 153820 135277233
18900 154943 136053351
19000 153826 136654131
19100 154957 137129339
19200 153873 137543388
19300 154954 137863257
19400 153866 138137670
19500 154949 138369456
19600 153819 138574717
19700 154965 138724056
19800 153837 138874819
19900 154974 138999085
20000 153867 139079005
20100 154946 139157406
20200 153874 139213002
20300 154973 139216219
20400 153831 139212801
20500 154973 139166456
20600 153899 139081108
20700 154978 138931569
20800 153849 138721572
20900 155022 138352294
21000 154067 137861421
21100 155025 137261237
21200 153857 136472931
21300 155017 135466859
21400 153860 134151436
21500 155044 132550726
21600 153872 130190822
21700 155008 126740171
21800 153866 123653472
21900 155020 119255161
22000 153912 113591344
22100 154991 109083576
22200 153882 105924190
22300 155053 103660814
22400 153885 102033583
22500 155071 100864068
22600 153903 100018196
22700 155075 99174823
22800 153839 98749599
22900 154974 98456749
23000 153851 98311737
23100 155028 98394229
23200 153897 109184616
23300 155084 101888418
23400 153855 99107292
23500 154968 102700562
23600 153806 101202577
23700 154946 101500348
23800 153822 101780060
23900 154940 101856324
24000 153846 106062165
24100 154947 104904242
24200 153840 104365046
24300 154987 103982846
24400 153847 103702987
24500 154949 103501107
24600 153822 103381846
24700 154937 103279639
24800 153816 103258813
24900 154986 103243683
25000 153861 103236039
25100 154971 103259557
25200 153842 103325960
25300 154970 103398329
25400 153836 103489280
25500 154974 103593635
25600 153827 103723222
25700 154947 103908170
25800 153821 104105266
25900 154964 104337771
26000 153844 104660301
26100 154958 105032706
26200 153828 105556015
26300 154963 106303705
26400 153819 107601512
26500 154980 111802616
26600 153833 106716753
26700 155066 105653554
26800 153931 106021156
26900 154978 106257018
27000 153820 106818952
27100 154944 107382131
27200 153814 107989023
27300 154974 119458099
27400 153854 114276994
27500 154963 113186868
27600 153829 112555720
27700 154948 112173395
27800 153839 111863520
27900 154958 111587530
28000 153859 111333989
28100 154959 111091712
28200 153973 110861116
28300 154991 110641595
28400 153848 110435218
28500 154971 110245390
28600 153853 110082956
28700 154966 109940740
28800 153840 109815507
28900 155007 109692626
29000 153901 109585021
29100 154957 109480533
29200 153871 109405421
29300 154979 109332910
29400 153876 109270863
29500 154975 109213176
29600 153844 109161034
29700 154978 109118564
29800 153846 109079837
29900 154973 109046903
30000 153838 109025930
30100 154961 109017611
30200 153878 109026342
30300 154997 109047512
30400 153890 109079944
30500 155021 109120592
30600 153924 109162939
30700 155095 109214541
30800 153900 109272474
30900 155030 109335050
31000 153878 109406996
31100 155016 109480179
31200 153884 109580842
31300 155040 109688812
31400 153862 109813036
31500 155322 109940165
31600 153844 110085052
31700 154992 110237264
31800 153841 110427490
31900 154972 110634414
32000 153830 110854315
32100 155006 111087144
32200 153823 111330150
32300 154992 111586561
32400 153845 111861420
32500 154992 112175686
32600 153856 112558997
32700 154968 113188634
32800 153830 114280544
32900 154993 120238621
33000 153874 107991793
33100 154970 107385582
33200 153859 106823061
33300 154975 106260968
33400 153924 106023987
33500 155053 105657896
33600 153842 106725640
33700 154984 111808028
33800 153876 107606577
33900 154954 106308897
34000 153830 105560344
34100 154947 105039323
34200 153882 104666297
34300 154991 104345275
34400 153885 104112231
34500 155016 103913646
34600 153867 103728185
34700 154942 103601491
34800 153841 103496777
34900 154964 103405374
35000 153847 103333253
35100 154946 103268923
35200 153835 103246234
35300 154966 103253764
35400 153863 103270495
35500 154955 103291415
35600 153845 103394137
35700 154966 103513007
35800 153811 103714163
35900 154988 103994135
36000 153816 104375603
36100 154959 104913431
36200 153832 106070302
36300 154950 101867327
36400 153820 101792905
36500 154950 101511922
36600 153810 101213044
36700 154974 102711143
36800 153884 99099911
36900 155031 101887917
37000 153973 109199488
37100 155086 98408367
37200 153881 98325727
37300 154998 98469262
37400 153854 98757276
37500 155044 99177054
37600 153884 99774143
37700 155022 100874389
37800 153873 102045942
37900 155069 103672352
38000 153823 105936599
38100 154955 109094353
38200 153836 113602142
38300 154957 119268063
38400 153852 123668323
38500 154987 126756292
38600 153810 130207560
38700 154938 132568770
38800 153845 134167346
38900 154973 135483163
39000 153840 136490081
39100 154963 137278341
39200 153996 137878650
39300 155137 138369162
39400 153869 138677613
39500 154985 138948223
39600 153820 139096219
39700 154940 139180891
39800 153807 139228202
39900 154945 139231796
40000 153824 139229449
40100 154950 139170855
40200 153843 139092345
40300 154999 139014123
40400 153853 138890944
40500 154945 138740335
40600 153839 138589345
40700 154947 138385476
40800 155499 138155994
40900 154967 137883817
41000 153838 137569730
41100 154946 137157879
41200 153824 136685981
41300 154985 136089061
41400 153843 135326110
41500 154988 134304701
41600 153840 132838785
41700 154949 130836040
41800 153913 128353539
41900 154971 125390825
42000 153857 121848420
42100 154978 117657271
42200 153866 112734100
42300 154981 106452089
42400 153867 99716923
42500 154972 92144535
42600 153865 83322395
42700 154992 72339421
42800 153874 60207442
42900 155022 50015782
43000 153832 42112249
43100 155002 35800698
43200 153875 30648372
43300 155034 26416017
43400 153893 22891944
43500 155035 19797960
43600 153870 17356860
43700 155031 15208231
43800 153935 13432147
43900 155042 11863575
44000 153942 10568519
44100 155114 9279106
44200 153975 8248183
44300 155075 7377770
44400 153924 6515912
44500 155113 5879856
44600 153967 5299833
44700 155011 4727088
44800 153849 4293777
44900 154979 3907602
