1
15000 136605 3191600
15100 135894 3225528
15200 135868 3551510
15300 135928 3861526
15400 135860 4207587
15500 135894 4754606
15600 135965 5281399
15700 135905 5816316
15800 135876 6520765
15900 135814 7362899
16000 135859 8201859
16100 135859 9050373
16200 135801 10502001
16300 135793 11790874
16400 136201 13350727
16500 135848 15116658
16600 135834 17255120
16700 135825 19682336
16800 135782 22538530
16900 135815 26265924
17000 135807 30437206
17100 135853 35595420
17200 135827 41876453
17300 135810 49728688
17400 135801 59838344
17500 135816 71917878
17600 135861 82974280
17700 135788 91844098
17800 135806 99581374
17900 135822 106102624
18000 135788 112520730
18100 135791 117471450
18200 135818 121684151
18300 135822 125246887
18400 135793 128229597
18500 135814 130737539
18600 135846 132701978
18700 135803 134248139
18800 135783 135277236
18900 135812 136053350
19000 135786 136654132
19100 135820 137129342
19200 139937 137543389
19300 135826 137863256
19400 135801 138137669
19500 135838 138369456
19600 135797 138574715
19700 135841 138724056
19800 135840 138874816
19900 135789 138999083
20000 135832 139079006
20100 135811 139157405
20200 135811 139213002
20300 135788 139216219
20400 135779 139212801
20500 135772 139166456
20600 135793 139081109
20700 135795 138931568
20800 135854 138721572
20900 135820 138352293
21000 135983 137861421
21100 135825 137261239
21200 135779 136472932
21300 135820 135466859
21400 135758 134151435
21500 135982 132550727
21600 136006 130190822
21700 136919 126740171
21800 136031 123653472
21900 135887 119255164
22000 135857 113591346
22100 135858 109083575
22200 135835 105924191
22300 135851 103660814
22400 135834 102033582
22500 135808 100864068
22600 135856 100018197
22700 135817 99174823
22800 135843 98749597
22900 135823 98456750
23000 135828 98311736
23100 135870 98394228
23200 135844 109184616
23300 136356 101888417
23400 135856 99107292
23500 136654 102700562
23600 135859 101202574
23700 135918 101500348
23800 135897 101780059
23900 135867 101856323
24000 135873 106062164
24100 135817 104904244
24200 135830 104365046
24300 135839 103982845
24400 136048 103702987
24500 136050 103501108
24600 135815 103381847
24700 135812 103279640
24800 135858 103258813
24900 135797 103243684
25000 135838 103236039
25100 135817 103259558
25200 135808 103325960
25300 135805 103398330
25400 135816 103489280
25500 135869 103593634
25600 135854 103723221
25700 135841 103908172
25800 135828 104105268
25900 135883 104337772
26000 135848 104660303
26100 135885 105032708
26200 135867 105556016
26300 135842 106303706
26400 135865 107601513
26500 135856 111802617
26600 135858 106716754
26700 135891 105653555
26800 135864 106021158
26900 135852 106257019
27000 135840 106818952
27100 135804 107382130
27200 135847 107989023
27300 135841 119458099
27400 135883 114276993
27500 135820 113186868
27600 135825 112555719
27700 135826 112173395
27800 135823 111863520
27900 135849 111587530
28000 135794 111333988
28100 135922 111091711
28200 135878 110861115
28300 135814 110641594
28400 135816 110435218
28500 135888 110245390
28600 135892 110082956
28700 136395 109940740
28800 135797 109815507
28900 135813 109692627
29000 135830 109585021
29100 135779 109480534
29200 135791 109405422
29300 135817 109332911
29400 135975 109270863
29500 135979 109213176
29600 135784 109161034
29700 135761 109118563
29800 135984 109079837
29900 135805 109046903
30000 135788 109025931
30100 135803 109017612
30200 135982 109026343
30300 135806 109047511
30400 135841 109079942
30500 135789 109120591
30600 135766 109162937
30700 135803 109214540
30800 135803 109272476
30900 135771 109335051
31000 135770 109406997
31100 135778 109480180
31200 135770 109580842
31300 135790 109688813
31400 135768 109813036
31500 135753 109940167
31600 135760 110085052
31700 135764 110237264
31800 135786 110427490
31900 135721 110634414
32000 135755 110854315
32100 135766 111087145
32200 135785 111330150
32300 135769 111586560
32400 135762 111861420
32500 135774 112175686
32600 135766 112558996
32700 135775 113188633
32800 135775 114280543
32900 135747 120238621
33000 135780 107991793
33100 135810 107385582
33200 135856 106823061
33300 135781 106260969
33400 135808 106023987
33500 135810 105657896
33600 135770 106725640
33700 135805 111808027
33800 135797 107606576
33900 135792 106308897
34000 135738 105560344
34100 135772 105039324
34200 135785 104666299
34300 135957 104345275
34400 135861 104112230
34500 135789 103913645
34600 135803 103728184
34700 135782 103601491
34800 135794 103496777
34900 135793 103405374
35000 135806 103333253
35100 135842 103268923
35200 135789 103246234
35300 135809 103253764
35400 135807 103270494
35500 135781 103291414
35600 135845 103394136
35700 135853 103513007
35800 135784 103714163
35900 135971 103994135
36000 135826 104375604
36100 135778 104913431
36200 135761 106070302
36300 135809 101867327
36400 135816 101792906
36500 135860 101511921
36600 135814 101213043
36700 135856 102711143
36800 135848 99099911
36900 136129 101887918
37000 136124 109199488
37100 135908 98408367
37200 135834 98325727
37300 135855 98469263
37400 136043 98757276
37500 136058 99177057
37600 136046 99774144
37700 135830 100874389
37800 135854 102045942
37900 135813 103672354
38000 135868 105936598
38100 135854 109094354
38200 135885 113602140
38300 135870 119268062
38400 135852 123668323
38500 135805 126756292
38600 136513 130207557
38700 135735 132568771
38800 135833 134167346
38900 135778 135483164
39000 135768 136490081
39100 135784 137278341
39200 135807 137878649
39300 135823 138369161
39400 135854 138677614
39500 135805 138948223
39600 135812 139096219
39700 135820 139180891
39800 135795 139228200
39900 135756 139231796
40000 135808 139229449
40100 135832 139170854
40200 135794 139092346
40300 135781 139014123
40400 135805 138890942
40500 135784 138740334
40600 135763 138589345
40700 135785 138385476
40800 135818 138155993
40900 135759 137883818
41000 135790 137569731
41100 135781 137157880
41200 135800 136685981
41300 135820 136089061
41400 135816 135326109
41500 135792 134304701
41600 135855 132838785
41700 135800 130836039
41800 135811 128353539
41900 135830 125390825
42000 135815 121848418
42100 135812 117657269
42200 135804 112734101
42300 135768 106452089
42400 135798 99716923
42500 135818 92144536
42600 135823 83322395
42700 135796 72339422
42800 135815 60207442
42900 135766 50015782
43000 135830 42112247
43100 135786 35800698
43200 135813 30648372
43300 135984 26416017
43400 135810 22891943
43500 135839 19797960
43600 135873 17356860
43700 135829 15208231
43800 135872 13432147
43900 135862 11863575
44000 136017 10568519
44100 136020 9279106
44200 136015 8248183
44300 135869 7377769
44400 135868 6515912
44500 135836 5879856
44600 135865 5299833
44700 135850 4727088
44800 135828 4293777
44900 135813 3907602
