1
15000 30473 3191600
16000 30529 8201859
17000 30506 30437206
18000 30493 112520730
19000 30498 136654132
20000 30503 139079006
21000 30487 137861421
22000 30470 113591346
23000 30491 98311736
24000 30472 106062164
25000 30508 103236039
26000 30483 104660303
27000 30483 106818952
28000 30497 111333988
29000 30495 109585021
30000 30484 109025931
31000 30493 109406997
32000 30490 110854315
33000 30522 107991793
34000 30475 105560344
35000 30488 103333253
36000 30519 104375604
37000 30509 109199488
38000 30498 105936598
39000 30489 136490081
40000 30489 139229449
41000 30488 137569731
42000 30486 121848418
43000 30491 42112247
44000 30533 10568519
