1
15000 32227 3191600
16000 32690 8201859
17000 32799 30437206
18000 32799 112520730
19000 32784 136654132
20000 32791 139079006
21000 32786 137861421
22000 32807 113591346
23000 32792 98311736
24000 32790 106062164
25000 32794 103236039
26000 32798 104660303
27000 32814 106818952
28000 32768 111333988
29000 32781 109585021
30000 32787 109025931
31000 32773 109406997
32000 32775 110854315
33000 32783 107991793
34000 32778 105560344
35000 32790 103333253
36000 32782 104375604
37000 32775 109199488
38000 32779 105936598
39000 32788 136490081
40000 32785 139229449
41000 32763 137569731
42000 32784 121848418
43000 32788 42112247
44000 32716 10568519
