1
15000 34228 3191600
16000 34371 8201859
17000 34041 30437206
18000 34024 112520730
19000 34011 136654131
20000 34021 139079005
21000 34016 137861421
22000 34011 113591344
23000 34026 98311737
24000 34028 106062165
25000 34028 103236039
26000 34014 104660301
27000 34008 106818952
28000 34028 111333989
29000 33995 109585021
30000 34018 109025930
31000 34027 109406996
32000 34017 110854315
33000 34008 107991793
34000 34017 105560344
35000 34022 103333253
36000 34013 104375603
37000 34060 109199488
38000 34019 105936599
39000 34027 136490081
40000 34025 139229449
41000 34040 137569730
42000 34021 121848420
43000 34025 42112249
44000 34018 10568519
