1
4096 1024 128 29 3915552 CHK_-1144.162354_5114.139648_-438.780609/-4235.852539_1440.700317_-370.300049
4096 1024 192 29 3916121 CHK_-1719.110718_7673.287598_-700.945740/-6354.631348_2161.479248_-580.399109
4096 1024 6144 29 4153504 CHK_-239334.625000_-62009.058594_1278732.000000/-242770.546875_-74104.351562_86750.531250
4096 1024 65536 29 8226640 CHK_-1682412.750000_-1392904.500000_5262014.000000/-421283.562500_89285.210938_-1510587.500000
4096 1024 131072 29 10605519 CHK_-4162662.000000_-3078051.250000_5523663.000000/479804.906250_-119017.695312_276716.718750
4096 2048 128 15 4051161 CHK_5077.052734_-1314.654053_-496.512695/-1017.645203_4559.961914_-866.494934
4096 2048 192 15 4051879 CHK_7620.211914_-1966.469971_-800.383728/-1527.045898_6845.824707_-1373.890137
4096 2048 6144 15 4440225 CHK_-210983.125000_-33070.937500_8034122.000000/-371918.562500_490158.562500_5739850.500000
4096 2048 65536 15 8562097 CHK_-1233549.625000_-1599685.375000_5520368.000000/292614.250000_577867.625000_919343.875000
4096 2048 131072 15 10987639 CHK_-4152103.250000_-3816230.000000_5767217.000000/24612.097656_-194755.906250_-1011469.187500
65536 1024 128 2 4320506 CHK_5466.340820_25539.394531_-2901.616455/-16176.808594_15346.401367_-1714.481812
65536 1024 192 2 4321060 CHK_8166.339844_38341.839844_-5050.507324/-24275.544922_23026.044922_-2966.236084
65536 1024 6144 2 4592181 CHK_-1294129.500000_104243.468750_20706750.000000/-1265340.250000_131538.109375_1644748.500000
65536 1024 65536 2 9070924 CHK_-12522005.000000_-3825507.000000_87573112.000000/-1271787.750000_1198488.000000_-14778230.000000
65536 1024 131072 2 11702877 CHK_-25468712.000000_-4173195.250000_92319104.000000/1260085.875000_1241813.750000_9003867.000000
65536 2048 128 1 4321367 CHK_20230.097656_-16486.234375_-3911.624268/4871.735840_22783.890625_-5467.018555
65536 2048 192 1 4322144 CHK_30427.960938_-24711.064453_-6915.484863/7325.913086_34247.683594_-9479.440430
65536 2048 6144 1 4740497 CHK_-1654730.750000_468268.656250_128064760.000000/762466.375000_1278621.875000_91755336.000000
65536 2048 65536 1 9164314 CHK_-13509018.000000_-2995210.250000_86442600.000000/2655790.250000_654271.562500_5368851.000000
65536 2048 131072 1 11723043 CHK_-28435020.000000_-7368730.500000_91898088.000000/877669.375000_255212.687500_-20419992.000000
