1
4096 1024 128 29 856208 CHK_-1127.247559_5117.023926_-311.078705/-4230.858887_1446.071899_-318.566040
4096 1024 192 29 856169 CHK_-1690.887451_7675.515137_-466.615906/-6346.290527_2169.098145_-477.764526
4096 1024 6144 29 856188 CHK_-54108.398438_245616.484375_-14931.708984/-203081.296875_69411.140625_-15288.464844
4096 1024 65536 29 859634 CHK_-577150.750000_2619916.250000_-159272.296875/-86403.500000_-679471.062500_-673066.375000
4096 1024 131072 29 863069 CHK_-1154301.500000_5239832.500000_-318544.593750/-72817.390625_-79072.078125_-56199.781250
4096 2048 128 15 886024 CHK_5073.488281_-1351.662842_-311.078705/-996.504639_4546.441406_-637.058289
4096 2048 192 15 886009 CHK_7610.228516_-2027.498169_-466.615906/-1494.766479_6819.657715_-955.660461
4096 2048 6144 15 886014 CHK_243527.312500_-64879.941406_-14931.708984/-47832.527344_218229.046875_-30581.134766
4096 2048 65536 15 889485 CHK_2597626.000000_-692051.375000_-159272.296875/-90252.093750_-191972.421875_-56222.000000
4096 2048 131072 15 893032 CHK_5195252.000000_-1384102.750000_-318544.593750/-523.021973_-63979.132812_1057516.875000
65536 1024 128 2 944773 CHK_5554.711426_25514.988281_-847.812256/-16142.975586_15359.366211_-868.165100
65536 1024 192 2 944751 CHK_8331.922852_38272.414062_-1271.821045/-24214.572266_23039.130859_-1302.625000
65536 1024 6144 2 944753 CHK_266621.531250_1224717.250000_-40698.273438/-774866.312500_737252.187500_-41684.000000
65536 1024 65536 2 948623 CHK_2844012.250000_13063674.000000_-434079.875000/-2045824.250000_-455148.406250_-2454430.000000
65536 1024 131072 2 952401 CHK_5688024.500000_26127348.000000_-868159.750000/967856.937500_429577.218750_400843.375000
65536 2048 128 1 945103 CHK_20154.529297_-16687.220703_-847.812256/4958.092773_22659.431641_-1735.819214
65536 2048 192 1 945109 CHK_30231.853516_-25030.818359_-1271.821045/7437.139648_33989.324219_-2604.217285
65536 2048 6144 1 945086 CHK_967419.312500_-800986.187500_-40698.273438/237988.468750_1087658.375000_-83334.953125
65536 2048 65536 1 948815 CHK_10319119.000000_-8543857.000000_-434079.875000/-81187.429688_1422623.125000_400782.468750
65536 2048 131072 1 952577 CHK_20638238.000000_-17087714.000000_-868159.750000/1497466.500000_-234450.140625_3291513.500000
