1
4096 1024 128 29 1575944 CHK_-1146.708252_5113.862793_-426.901978/-4236.614746_1440.389038_-350.875397
4096 1024 192 29 1553637 CHK_-1719.636597_7673.547363_-696.589111/-6355.465820_2161.017578_-566.775574
4096 1024 6144 29 1726434 CHK_-237450.406250_-62086.460938_1277204.750000/-241953.796875_-73640.367188_86260.835938
4096 1024 65536 29 4620862 CHK_-1695369.250000_-1410291.750000_5253033.000000/-405845.281250_42680.230469_-1633898.625000
4096 1024 131072 29 5449882 CHK_-4190657.250000_-3039628.500000_5525059.500000/530189.500000_-43104.453125_346820.218750
4096 2048 128 15 1597258 CHK_5076.218750_-1315.308105_-486.764893/-1019.642090_4559.829102_-837.264526
4096 2048 192 15 1590215 CHK_7625.275879_-1964.360840_-808.294678/-1526.220947_6848.213379_-1362.253906
4096 2048 6144 15 1947615 CHK_-208393.203125_-33225.492188_8033065.000000/-389981.593750_590507.437500_5737440.000000
4096 2048 65536 15 4841546 CHK_-1159560.875000_-1748118.125000_5485664.000000/573051.125000_638063.937500_728858.750000
4096 2048 131072 15 5647073 CHK_-4545481.000000_-3940583.500000_5683887.500000/88580.125000_-203236.312500_-1234435.875000
65536 1024 128 2 1739062 CHK_5480.906738_25535.234375_-2713.065918/-16174.303711_15344.616211_-1402.256836
65536 1024 192 2 1714444 CHK_8159.501465_38324.875000_-4963.166016/-24273.908203_23021.492188_-2738.265625
65536 1024 6144 2 1940223 CHK_-1280940.250000_81513.093750_20680796.000000/-1260092.000000_125929.320312_1635851.625000
65536 1024 65536 2 5108807 CHK_-12429696.000000_-3874650.000000_87528248.000000/-1511752.875000_749384.000000_-14529504.000000
65536 1024 131072 2 6015323 CHK_-25897806.000000_-4035626.500000_92187424.000000/1920428.875000_610926.062500_9291606.000000
65536 2048 128 1 1703939 CHK_20211.652344_-16514.185547_-3784.841064/4880.158691_22759.763672_-5021.780762
65536 2048 192 1 1696807 CHK_30489.791016_-24667.996094_-7022.392090/7331.361328_34266.367188_-9283.544922
65536 2048 6144 1 2090378 CHK_-1615887.000000_493056.687500_128026288.000000/744480.875000_1210340.375000_91714648.000000
65536 2048 65536 1 5168547 CHK_-13495506.000000_-3283427.750000_86341928.000000/3056749.000000_786965.437500_5253710.500000
65536 2048 131072 1 6027456 CHK_-29324752.000000_-6906691.500000_91869920.000000/577370.187500_1017045.000000_-21712684.000000
