1
4096 1024 128 6 704258 CHK_-1144.162354_5114.139648_-438.780609/-4235.852539_1440.700317_-370.300049
4096 2048 128 3 703981 CHK_5077.052734_-1314.654053_-496.512695/-1017.645203_4559.961914_-866.494934
4096 4096 128 2 938566 CHK_-1919.405884_4902.891602_-514.697754/-4139.741699_1059.142944_-1766.429199
4096 8192 128 1 938532 CHK_5251.378906_478.206573_-623.981445/-1930.335693_4696.217773_-3987.749512
4096 16384 128 1 1877242 CHK_-4229.529785_1332.957275_-533.959717/-2345.414062_19.706457_-8659.729492
4096 32768 128 1 3755313 CHK_2031.509155_10990.864258_591.014771/-6611.783203_5167.937988_-11754.009766
4096 65536 128 1 7513366 CHK_2507.323975_1900.204224_4832.934082/-13517.235352_41137.613281_94322.359375
65536 1024 128 1 1877101 CHK_5466.340820_25539.394531_-2901.616455/-16176.808594_15346.401367_-1714.481812
65536 2048 128 1 3753549 CHK_20230.097656_-16486.234375_-3911.624268/4871.735840_22783.890625_-5467.018555
65536 4096 128 1 7506815 CHK_1552.089844_26183.515625_-4352.646484/-16508.039062_13470.220703_-11801.144531
65536 8192 128 1 15013256 CHK_24817.863281_-9184.304688_-6963.154785/1276.541138_25376.554688_-32993.441406
65536 16384 128 1 30029170 CHK_-16391.740234_21316.052734_-8284.348633/-14072.274414_6547.347656_-94073.382812
65536 32768 128 1 60083507 CHK_-20519.923828_43935.347656_-12648.810547/-13020.537109_38140.468750_-272555.843750
65536 65536 128 1 120213708 CHK_10934.926758_2748.002686_-17384.238281/110326.062500_344486.468750_-765525.375000
