1
4096 1024 128 6 726350 CHK_-1144.161011_5114.137207_-438.780609/-4235.854492_1440.699829_-370.300049
4096 2048 128 3 726504 CHK_5077.051758_-1314.645020_-496.512695/-1017.645325_4559.961914_-866.494934
4096 4096 128 2 968801 CHK_-1919.403564_4902.895508_-514.697266/-4139.746582_1059.146729_-1766.429199
4096 8192 128 1 969486 CHK_5251.377930_478.202972_-623.981750/-1930.337891_4696.216797_-3987.749512
4096 16384 128 1 1939184 CHK_-4229.542480_1332.976929_-533.959167/-2345.415771_19.710022_-8659.727539
4096 32768 128 1 3881442 CHK_2031.514771_10990.887695_591.014282/-6611.815918_5167.957031_-11754.000000
4096 65536 128 1 7772830 CHK_2507.347656_1900.135620_4832.923828/-13517.116211_41137.300781_94322.406250
65536 1024 128 1 1937030 CHK_5466.333984_25539.382812_-2901.616455/-16176.804688_15346.409180_-1714.481812
65536 2048 128 1 3874512 CHK_20230.107422_-16486.226562_-3911.624268/4871.739258_22783.880859_-5467.018555
65536 4096 128 1 7751226 CHK_1552.095581_26183.546875_-4352.647461/-16508.039062_13470.199219_-11801.144531
65536 8192 128 1 15512962 CHK_24817.828125_-9184.281250_-6963.156738/1276.518677_25376.566406_-32993.394531
65536 16384 128 1 31030160 CHK_-16391.726562_21316.107422_-8284.352539/-14072.244141_6547.312012_-94073.367188
65536 32768 128 1 62100785 CHK_-20519.908203_43935.476562_-12648.791016/-13020.597656_38140.410156_-272556.062500
65536 65536 128 1 124385810 CHK_10935.316406_2747.712646_-17384.150391/110327.515625_344486.500000_-765525.250000
