1
4096 1024 128 29 856509 CHK_-1127.247559_5117.023926_-311.078705/-4230.858887_1446.071899_-318.566040
4096 2048 128 15 886315 CHK_5073.488281_-1351.662842_-311.078705/-996.504639_4546.441406_-637.058289
4096 4096 128 8 945543 CHK_-1837.556274_4941.410156_-311.078705/-4143.029297_1090.911621_-1274.003296
4096 8192 128 4 945578 CHK_5314.495117_95.750481_-311.078705/-1720.212280_4666.954102_-2549.437744
4096 16384 128 2 945606 CHK_-4275.082031_3304.231934_-311.078705/-3324.450439_-127.841766_-5111.996582
4096 32768 128 1 945597 CHK_2374.197266_5053.189941_-311.078705/-4198.901855_3196.800537_-10145.080078
4096 65536 128 1 1891263 CHK_-10.144341_-5961.245605_-311.078705/1308.315918_2004.606689_-20445.093750
65536 1024 128 2 945108 CHK_5554.711426_25514.988281_-847.812256/-16142.975586_15359.366211_-868.165100
65536 2048 128 1 945379 CHK_20154.529297_-16687.220703_-847.812256/4958.092773_22659.431641_-1735.819214
65536 4096 128 1 1891053 CHK_1972.945557_26199.265625_-847.812256/-16485.111328_13568.557617_-3470.491455
65536 8192 128 1 3782287 CHK_24260.488281_-10636.115234_-847.812256/1932.609985_24712.521484_-6950.698242
65536 16384 128 1 7564822 CHK_-12472.806641_23864.488281_-847.812256/-15317.591797_6345.729492_-14012.499023
65536 32768 128 1 15129764 CHK_21274.441406_17932.835938_-847.812256/-12351.759766_23219.275391_-27649.646484
65536 65536 128 1 30260269 CHK_-12462.888672_-26968.308594_-847.812256/10098.708984_6350.894043_-56131.304688
