1
15000 121602 3191600
16000 120772 8201859
17000 120732 30437206
18000 120678 112520730
19000 120956 136654132
20000 121203 139079006
21000 120709 137861421
22000 120684 113591346
23000 120740 98311736
24000 120664 106062164
25000 120705 103236039
26000 120697 104660303
27000 120743 106818952
28000 120705 111333988
29000 120724 109585021
30000 120707 109025931
31000 120718 109406997
32000 120722 110854315
33000 120745 107991793
34000 120725 105560344
35000 120709 103333253
36000 120700 104375604
37000 120793 109199488
38000 120698 105936598
39000 120715 136490081
40000 120710 139229449
41000 120719 137569731
42000 120714 121848418
43000 120735 42112247
44000 120786 10568519
