1
15000 115091 3191600
16000 115287 8201859
17000 115055 30437206
18000 115049 112520730
19000 115040 136654132
20000 115034 139079006
21000 115455 137861421
22000 115019 113591346
23000 115067 98311736
24000 115018 106062164
25000 115027 103236039
26000 115048 104660303
27000 115061 106818952
28000 115026 111333988
29000 115037 109585021
30000 114999 109025931
31000 115022 109406997
32000 115015 110854315
33000 115066 107991793
34000 115111 105560344
35000 115053 103333253
36000 115092 104375604
37000 115152 109199488
38000 115067 105936598
39000 115076 136490081
40000 115039 139229449
41000 115051 137569731
42000 115045 121848418
43000 115106 42112247
44000 115078 10568519
