1
15000 126092 3191600
16000 126090 8201859
17000 125800 30437206
18000 125793 112520730
19000 125815 136654131
20000 125844 139079005
21000 125773 137861421
22000 125744 113591344
23000 125795 98311737
24000 125785 106062165
25000 125792 103236039
26000 125756 104660301
27000 125766 106818952
28000 125692 111333989
29000 125800 109585021
30000 125717 109025930
31000 125794 109406996
32000 125764 110854315
33000 125773 107991793
34000 125708 105560344
35000 125768 103333253
36000 125729 104375603
37000 125757 109199488
38000 125744 105936599
39000 125700 136490081
40000 125814 139229449
41000 125769 137569730
42000 125743 121848420
43000 125826 42112249
44000 125876 10568519
