1
15000 157879 3191600
16000 157524 8201859
17000 157364 30437206
18000 157584 112520730
19000 157365 136654131
20000 157150 139079005
21000 156950 137861421
22000 156912 113591344
23000 157677 98311737
24000 157072 106062165
25000 156989 103236039
26000 157345 104660301
27000 157413 106818952
28000 157035 111333989
29000 157563 109585021
30000 157562 109025930
31000 157136 109406996
32000 157464 110854315
33000 157545 107991793
34000 157163 105560344
35000 157629 103333253
36000 156951 104375603
37000 157072 109199488
38000 157113 105936599
39000 157173 136490081
40000 157377 139229449
41000 157391 137569730
42000 156897 121848420
43000 157241 42112249
44000 157294 10568519
