1
4096 1024 128 6 725889 CHK_-1144.161011_5114.137207_-438.780609/-4235.854492_1440.699829_-370.300049
4096 1024 192 6 725473 CHK_-1719.113892_7673.287598_-700.945740/-6354.626465_2161.478027_-580.399109
4096 1024 6144 6 781199 CHK_-239334.593750_-62009.027344_1278732.000000/-242770.421875_-74104.304688_86750.500000
4096 1024 65536 6 1667697 CHK_-1682413.125000_-1392905.750000_5262014.000000/-421283.312500_89285.250000_-1510587.750000
4096 1024 131072 6 2174505 CHK_-4162661.000000_-3078049.750000_5523666.000000/479805.093750_-119017.328125_276716.625000
4096 2048 128 3 725702 CHK_5077.051758_-1314.645020_-496.512695/-1017.645325_4559.961914_-866.494934
4096 2048 192 3 725793 CHK_7620.211914_-1966.472534_-800.384216/-1527.045410_6845.826660_-1373.890137
4096 2048 6144 3 813058 CHK_-210983.312500_-33070.882812_8034122.500000/-371918.750000_490158.500000_5739850.500000
4096 2048 65536 3 1675979 CHK_-1233559.875000_-1599686.500000_5520368.500000/292610.906250_577868.250000_919344.812500
4096 2048 131072 3 2179141 CHK_-4152179.250000_-3816305.000000_5767203.000000/24606.539062_-194758.312500_-1011471.375000
65536 1024 128 1 1933909 CHK_5466.333984_25539.382812_-2901.616455/-16176.804688_15346.409180_-1714.481812
65536 1024 192 1 1934689 CHK_8166.341797_38341.855469_-5050.507324/-24275.568359_23026.009766_-2966.236084
65536 1024 6144 1 2080247 CHK_-1294129.625000_104243.101562_20706754.000000/-1265340.250000_131538.203125_1644748.750000
65536 1024 65536 1 4426033 CHK_-12522017.000000_-3825501.000000_87573088.000000/-1271786.500000_1198486.625000_-14778234.000000
65536 1024 131072 1 5799048 CHK_-25468716.000000_-4173191.250000_92319096.000000/1260063.625000_1241820.750000_9003880.000000
65536 2048 128 1 3870305 CHK_20230.107422_-16486.226562_-3911.624268/4871.739258_22783.880859_-5467.018555
65536 2048 192 1 3870853 CHK_30428.031250_-24711.068359_-6915.479004/7325.886719_34247.699219_-9479.440430
65536 2048 6144 1 4327845 CHK_-1654731.375000_468268.500000_128064784.000000/762467.250000_1278619.625000_91755336.000000
65536 2048 65536 1 8988290 CHK_-13509080.000000_-2995267.000000_86442488.000000/2655785.250000_654266.375000_5368850.000000
65536 2048 131072 1 11730913 CHK_-28434848.000000_-7369345.000000_91898032.000000/877708.000000_255159.734375_-20420076.000000
