2
4096 1024 128 6 CHK_5077.052734_-1314.654053_-496.512695/-1017.645203_4559.961914_-866.494934
129945 129288 129865 129486 129973 129346
462564900 461685024 462146040 461977740 461332368 461269836
4096 2048 128 3 CHK_-1919.405884_4902.891602_-514.697754/-4139.741699_1059.142944_-1766.429199
258861 258404 258384
923433588 922071888 922578408
4096 4096 128 2 CHK_5251.378906_478.206573_-623.981445/-1930.335693_4696.217773_-3987.749512
515699 532088
1844248068 1841353272
4096 8192 128 1 CHK_-4229.529785_1332.957275_-533.959717/-2345.414062_19.706457_-8659.729492
1063930
3775953384
4096 16384 128 1 CHK_2031.509155_10990.864258_591.014771/-6611.783203_5167.937988_-11754.009766
2171031
7439654088
