2
4096 1024 128 29 CHK_5073.488281_-1351.662842_-311.078705/-996.504639_4546.441406_-637.058289
28589 28444 28576 29142 28808 28596 28723 28964 29915 28602 28637 28629 28625 28591 28833 28679 28636 28538 28459 29040 28885 28836 29033 28385 28753 28602 28652 28636 28878
100941264 100315656 100558224 100687824 101258784 101248956 100457424 100373256 100449684 100538100 100754676 100473372 100300392 100557828 100845252 102045240 100930788 100550664 100612764 100287648 100538028 101550852 100474236 100571076 100536084 100430244 100765152 100825164 100738836
4096 2048 128 15 CHK_-1837.556274_4941.410156_-311.078705/-4143.029297_1090.911621_-1274.003296
57006 57910 57572 57298 57922 57811 57405 57729 57248 57256 57644 57218 57595 57388 57363
201356460 200760048 201422232 201144888 200770740 201334392 201082500 200861784 201137580 200744892 201126492 202616820 200864160 202824288 201204036
4096 4096 128 8 CHK_5314.495117_95.750481_-311.078705/-1720.212280_4666.954102_-2549.437744
113735 113984 113620 114499 114336 113998 117932 115311
402550344 402154020 401651208 402774264 401993928 401914440 401544576 403067340
4096 8192 128 4 CHK_-4275.082031_3304.231934_-311.078705/-3324.450439_-127.841766_-5111.996582
229510 227139 233296 236033
805763124 806028912 807743592 807085296
4096 16384 128 2 CHK_2374.197266_5053.189941_-311.078705/-4198.901855_3196.800537_-10145.080078
457811 455279
1615699620 1613803176
