2
4096 1024 128 29 CHK_5073.488281_-1351.662842_-311.078705/-996.504639_4546.441406_-637.058289
29149 29632 28734 29625 29182 30533 29189 30347 28980 29109 28639 28639 29562 28858 28694 32126 28807 29671 28604 28571 28374 28634 28670 29968 29186 32972 28634 28499 29428
102571632 102239784 101008116 102048840 100879164 103935816 101525184 103938804 101122812 104058036 100960380 103675464 100544040 101946420 104430924 101037888 107433684 100749132 100896876 101045376 100937052 101274804 100821636 100792044 100367568 100954008 107375760 100630584 101105964
4096 2048 128 15 CHK_-1837.556274_4941.410156_-311.078705/-4143.029297_1090.911621_-1274.003296
59393 57572 57963 56748 58164 58293 57165 57108 56842 58304 57885 59885 57891 59194 58157
202723272 202140720 201711024 201896280 205851060 201869532 203624640 201768660 200832732 202782636 223234164 216536868 210114864 215504748 210723660
4096 4096 128 8 CHK_5314.495117_95.750481_-311.078705/-1720.212280_4666.954102_-2549.437744
118962 119395 117142 120395 119236 117803 117390 123947
413137584 407811276 402554880 412821684 410952888 410832468 413559900 431641584
4096 8192 128 4 CHK_-4275.082031_3304.231934_-311.078705/-3324.450439_-127.841766_-5111.996582
240773 235308 231014 225940
889310628 820659312 820434420 814784832
4096 16384 128 2 CHK_2374.197266_5053.189941_-311.078705/-4198.901855_3196.800537_-10145.080078
451824 452877
1608693228 1608333912
