2
4096 1024 128 29 CHK_5073.488281_-1351.662842_-311.078705/-996.504639_4546.441406_-637.058289
29021 28825 29643 28844 28448 30192 28577 28664 30897 30713 29870 29782 29828 28592 29727 28617 28717 28586 28682 29242 29213 28867 29385 28849 29228 28638 29238 29100 29147
100910556 101689884 101012940 100837764 100614276 100525248 101429460 100783224 100776564 101148192 101856996 101953116 103072752 101157948 107036424 100551852 100697904 100738332 100892520 103527756 101920968 101774088 100916352 101040552 101118132 100756944 100836684 100983060 100951236
4096 2048 128 15 CHK_-1837.556274_4941.410156_-311.078705/-4143.029297_1090.911621_-1274.003296
58052 58422 57160 57483 57194 57736 57264 57052 56958 57541 57485 57193 57374 57177 57887
201952980 203084964 201799692 201139488 201489372 200667888 201198456 200764404 201660300 200956968 202282992 201166272 200909088 201859596 202482180
4096 4096 128 8 CHK_5314.495117_95.750481_-311.078705/-1720.212280_4666.954102_-2549.437744
117751 118092 114328 117078 120551 116936 114019 113931
403366644 405327996 404132724 403422624 404318520 405772416 404709408 402363576
4096 8192 128 4 CHK_-4275.082031_3304.231934_-311.078705/-3324.450439_-127.841766_-5111.996582
228835 235480 234264 229030
808136388 818543268 817949808 809690652
4096 16384 128 2 CHK_2374.197266_5053.189941_-311.078705/-4198.901855_3196.800537_-10145.080078
458086 457981
1611038664 1615546728
