2
4096 1024 128 38 CHK_5073.488281_-1351.662842_-311.078705/-996.504639_4546.441406_-637.058289
28655 28757 30660 29275 31317 28883 29689 29674 29592 30964 30638 29335 28447 28467 28204 28717 29870 33369 30170 29269 29481 31684 29813 29045 29392 32485 29697 28623 29207 28388 28465 28484 29449 29470 28790 28623 29994 29392
103575924 104729724 101420316 101081736 104966280 103420296 103308084 101537712 101105892 101061720 102270708 101065032 100981908 100673892 100370268 100883196 100656180 110889648 105470136 102711456 101820636 101333844 101878308 103030956 101420172 102194964 119070180 102424968 101164572 100714536 100913076 100705572 101376072 101586672 100706832 100559376 100358892 100937304
4096 2048 128 24 CHK_-1837.556274_4941.410156_-311.078705/-4143.029297_1090.911621_-1274.003296
58805 58797 57815 59617 58440 59137 59856 59267 62731 59677 59256 58078 61447 66607 62585 62550 60263 59903 58411 59362 58664 59952 67305 59158
202424616 202870584 202319820 202491936 204618240 205501788 220656636 210738852 204382476 201620124 201341088 201787020 204069636 208351764 213907032 219456144 210576240 205128180 203121720 202091220 203736348 206350128 206246556 225827064
4096 4096 128 17 CHK_5314.495117_95.750481_-311.078705/-1720.212280_4666.954102_-2549.437744
116601 129870 120414 120605 119241 119462 116217 115436 114930 114763 113362 114463 114295 114168 114309 115103 115333
405475308 417110940 416512584 407739924 404859060 411136020 404951364 404453592 403262964 402754320 402914556 402616116 404971524 401816160 403128432 402569244 402741432
4096 8192 128 13 CHK_-4275.082031_3304.231934_-311.078705/-3324.450439_-127.841766_-5111.996582
248219 233605 232648 242894 236341 228979 226822 238942 233898 232573 239968 237592 233394
875657736 811644768 809083332 838667772 808418556 849600288 805396212 825180480 818426340 892186560 805049964 833909580 817447536
4096 16384 128 11 CHK_2374.197266_5053.189941_-311.078705/-4198.901855_3196.800537_-10145.080078
478473 470983 480903 470172 479568 464567 480912 484469 477083 465746 467502
1619702100 1629421596 1619908812 1620897516 1670910588 1620509184 1624104144 1637896752 1629595440 1613315160 1622428452
