2
4096 1024 128 15 CHK_5077.052734_-1314.654053_-496.512695/-1017.645203_4559.961914_-866.494934
115934 113731 119334 119779 121886 119277 119417 117450 118256 119839 120216 116740 116400 116195 115443
412492176 428464224 419148936 411116076 412408692 453112200 411888456 407916540 405768384 402585840 413175528 404063712 403709364 404788932 404562492
4096 2048 128 12 CHK_-1919.405884_4902.891602_-514.697754/-4139.741699_1059.142944_-1766.429199
229537 233277 232274 231951 230663 229616 228821 229783 233506 231372 231517 234506
806161716 807617412 807883884 809781336 808435584 809506296 806236236 805065624 815381568 807116472 806251644 809564688
4096 4096 128 11 CHK_5251.378906_478.206573_-623.981445/-1930.335693_4696.217773_-3987.749512
457040 456695 463453 460169 460419 463733 494374 505690 468071 463487 457838
1617004620 1613472120 1648451088 1614718908 1612496268 1613721492 1615406184 1651413456 1628593956 1629232848 1638355068
4096 8192 128 10 CHK_-4229.529785_1332.957275_-533.959717/-2345.414062_19.706457_-8659.729492
916659 908288 910296 932664 940073 933236 936113 930901 931959 933980
3226773168 3232019664 3224807928 3237395688 3324454848 3276162504 3285286128 3247393140 3261756924 3263223636
4096 16384 128 10 CHK_2031.509155_10990.864258_591.014771/-6611.783203_5167.937988_-11754.009766
1954543 1956019 1890048 1846753 1918671 1884870 1957829 1979673 1898000 1908153
6487541928 6545931048 6624129744 6552530928 6459769008 7044018156 6858243108 6764915160 6602381784 6940587384
