2
4096 1024 128 15 CHK_5077.051758_-1314.645020_-496.512695/-1017.645325_4559.961914_-866.494934
118656 121677 121150 120366 120836 121174 121430 123199 122019 123924 121747 118973 121509 119986 118412
432410472 438391692 435023172 419328612 427029588 420103548 420664428 420344136 418391460 418439988 420156000 418883904 418335120 420172956 419954148
4096 2048 128 12 CHK_-1919.403564_4902.895508_-514.697266/-4139.746582_1059.146729_-1766.429199
237124 239530 237876 238363 239300 241964 257508 250141 259278 243667 240434 256591
840276720 837559080 838462176 839255940 845374428 839488248 845123616 843887268 912389868 852515604 848600964 848561832
4096 4096 128 11 CHK_5251.377930_478.202972_-623.981750/-1930.337891_4696.216797_-3987.749512
490913 483253 496383 495944 483649 484677 487593 494146 479945 483965 476659
1717096068 1731756636 1742744016 1687770936 1715455620 1689884568 1780485336 1700185608 1694969424 1689177780 1703322684
4096 8192 128 10 CHK_-4229.542480_1332.976929_-533.959167/-2345.415771_19.710022_-8659.727539
961789 948860 952722 971997 959693 966938 966243 957540 961260 1017047
3380329116 3368484720 3368520828 3366152028 3387203064 3367714068 3366832788 3369716640 3361392792 3416288220
4096 16384 128 10 CHK_2031.514771_10990.887695_591.014282/-6611.815918_5167.957031_-11754.000000
1960035 1942413 1898602 1906724 1907671 1911037 1957365 1894760 1891899 1888384
6793706880 6755314644 6745985604 6719990220 6718596768 6739280316 6828657264 6707950344 6729399684 6712109712
