2
4096 1024 128 38 CHK_5073.488281_-1351.662842_-311.078705/-996.504639_4546.441406_-637.058289
28366 28992 30775 33914 29607 30444 28822 28621 30260 30271 30148 29614 29600 30926 29574 29414 29019 28849 28710 28838 28923 28819 28897 28484 28573 29207 28950 28824 29051 28326 28887 28913 28689 28903 28677 30670 33062 28736
102139488 101667420 101115756 104601816 105931296 100936332 102683376 100525248 102128256 100704960 102590352 100503432 100965204 100467036 103178844 105437520 100754784 100737684 100803168 101066724 101980044 101297124 101025720 102188988 100969416 100966716 100653264 100507788 100375344 100726956 100666476 101178468 100569780 100771560 100688724 102840228 103581720 113597496
4096 2048 128 24 CHK_-1837.556274_4941.410156_-311.078705/-4143.029297_1090.911621_-1274.003296
57459 56741 58091 58423 58572 57762 57496 57383 57525 57268 57076 56993 57042 57227 57151 57200 57394 57569 57632 57671 57358 57420 58064 59027
201855924 201672756 201674736 202072104 201244500 201434616 201033612 201253896 200931912 200762136 201033432 201222828 200982096 200612988 200941740 200773332 201056688 200797056 201832452 200944116 200667816 201093768 201023136 201159396
4096 4096 128 17 CHK_5314.495117_95.750481_-311.078705/-1720.212280_4666.954102_-2549.437744
116114 114622 115929 115548 114203 115038 114659 114210 114346 114055 114600 114843 114110 113375 116301 115766 113577
403960320 403090920 403751808 403014636 403267212 402396984 402770340 402506100 402202620 402085764 402524496 401847552 405029484 402574068 402653016 404589168 401743944
4096 8192 128 13 CHK_-4275.082031_3304.231934_-311.078705/-3324.450439_-127.841766_-5111.996582
227898 228616 229506 236259 228560 229578 230068 228592 228295 228074 228395 229571 228013
805770684 804471948 821914380 804202776 803221092 816870888 803971260 804345192 803860452 806754528 803644344 803527272 803286396
4096 16384 128 11 CHK_2374.197266_5053.189941_-311.078705/-4198.901855_3196.800537_-10145.080078
457385 455655 455113 453722 454411 452304 453740 453738 453008 453439 455430
1610437680 1611801972 1609606368 1611670248 1608549192 1612314216 1609311456 1608082236 1608293340 1609853364 1613227644
