2
4096 1024 128 6 CHK_5077.051758_-1314.645020_-496.512695/-1017.645325_4559.961914_-866.494934
118798 124573 123696 121425 123432 123822
443185632 419579244 443428812 419094324 425673144 420951384
4096 2048 128 3 CHK_-1919.403564_4902.895508_-514.697266/-4139.746582_1059.146729_-1766.429199
245202 239581 239711
847869408 843643296 838461348
4096 4096 128 2 CHK_5251.377930_478.202972_-623.981750/-1930.337891_4696.216797_-3987.749512
471306 472235
1675340856 1673624664
4096 8192 128 1 CHK_-4229.542480_1332.976929_-533.959167/-2345.415771_19.710022_-8659.727539
943716
3346263144
4096 16384 128 1 CHK_2031.514771_10990.887695_591.014282/-6611.815918_5167.957031_-11754.000000
1889219
6691423032
