2
4096 1024 128 29 CHK_5073.488281_-1351.662842_-311.078705/-996.504639_4546.441406_-637.058289
28650 28694 28471 29026 28706 28424 28621 28489 28988 28946 28800 28720 28390 28465 28972 28422 28450 29658 29598 29654 29393 29794 29599 30139 29759 30399 30719 30609 30784
103016844 100722240 100629540 100614312 100539144 100370484 100682208 100448352 100511316 100618632 100598616 100532844 100490040 101265984 100600704 101623716 100869444 101543796 100881756 100880208 100799676 100739700 100711188 100440792 100454148 100455768 100655388 101259900 100548252
4096 2048 128 15 CHK_-1837.556274_4941.410156_-311.078705/-4143.029297_1090.911621_-1274.003296
60388 59553 59993 59237 59578 59657 59773 60807 59202 59135 59608 58910 58925 59053 58857
205024788 202258692 202961952 201032460 202026960 200708100 200719008 200712708 200714652 200859480 200827116 200907936 201165012 201283452 201242304
4096 4096 128 8 CHK_5314.495117_95.750481_-311.078705/-1720.212280_4666.954102_-2549.437744
114335 114306 113631 113770 114512 113876 115074 114211
407645496 402230232 402205320 401634792 402306048 402075684 402971544 401878080
4096 8192 128 4 CHK_-4275.082031_3304.231934_-311.078705/-3324.450439_-127.841766_-5111.996582
228411 227702 227668 227916
805221900 805149180 804576708 804886164
4096 16384 128 2 CHK_2374.197266_5053.189941_-311.078705/-4198.901855_3196.800537_-10145.080078
455248 454834
1608832296 1606933908
